[4, 1, 1]
[15, 1, 1]
[16, 1, 1]
[18, 1, 1]
[21, 1, 1]
[23, 1, 1]
[27, 1, 1]
[43, 1, 1]
[51, 1, 1]
[52, 1, 1]
[53, 1, 1]
[62, 1, 1]
[70, 1, 1]
[73, 1, 1]
[81, 1, 1]
[87, 1, 1]
[96, 1, 1]
[102, 1, 1]
[103, 1, 1]
[104, 1, 1]
[105, 1, 1]
[107, 1, 1]
[116, 1, 1]
[122, 1, 1]
[124, 1, 1]
[128, 1, 1]
[143, 1, 1]
[149, 1, 1]
[158, 1, 1]
[163, 1, 1]
[164, 1, 1]
[166, 1, 1]
[169, 1, 1]
[171, 1, 1]
[172, 1, 1]
[172, 1, 1] ****
[173, 1, 1]
[175, 1, 1]
[176, 1, 1]
[177, 1, 1]
[181, 1, 1]
*****182
[185, 1, 1]
[186, 1, 1]
[188, 1, 1]
[189, 1, 1]
[190, 1, 1]
[192, 1, 1]
[194, 1, 1]
[197, 1, 1]
[200, 1, 1]
[201, 1, 1]
[202, 1, 1]
[203, 1, 1]
[204, 1, 1]
[205, 1, 1]
[207, 1, 1]
[208, 1, 1]
[209, 1, 1]
[210, 1, 1]
[211, 1, 1]
[212, 1, 1]
[215, 1, 1]
[216, 1, 1]
[217, 1, 1]
[218, 1, 1]
[219, 1, 1]
[222, 1, 1]
[223, 1, 1]
[224, 1, 1]
[226, 1, 1]
[227, 1, 1]
[228, 1, 1]
[229, 1, 1]
[230, 1, 1]
[237, 1, 2]
[240, 1, 1]
[244, 1, 1]
[246, 1, 1]
[249, 1, 1]
[254, 1, 1]
[255, 1, 1]
[256, 1, 1]
[258, 1, 1]
[259, 1, 1]
[260, 1, 1]
****266
[268, 1, 1]
[293, 1, 1]
[299, 1, 1]
[301, 1, 2]
[306, 1, 2]
[314, 1, 1]
[315, 1, 1]
[323, 1, 1]
[328, 1, 1]
[329, 1, 1]
[329, 1, 1]
329 ****** (Fehlend)
[335, 1, 1]
[336, 1, 1]
[343, 1, 1]
[344, 1, 1]
[345, 1, 1]
[348, 1, 1]
[350, 1, 1]
[367, 1, 1]
[371, 1, 1]
[373, 1, 1]
[374, 1, 1]
[377, 1, 1]
[383, 1, 1]
392********
[399, 1, 1]
[403, 1, 1]
[409, 1, 2]
[412, 1, 1]
[415, 1, 1]
[418, 1, 1]
[429, 1, 1]
[432, 1, 1]
[436, 1, 1]
[483, 1, 1]
[520, 1, 1]
[533, 1, 1]
[546, 1, 1]
[576, 1, 1]
[629, 1, 1]
[640, 1, 1]
[750, 1, 1]
[751, 1, 1]
[766, 1, 1]
[779, 1, 1]
[788, 1, 1]
[811, 1, 1]
[817, 1, 1]
[825, 1, 1]
[826, 1, 1]
[831, 1, 1]
[838, 1, 1]
[855, 1, 1]
[863, 1, 1]
[864, 1, 1]
[876, 1, 1]
[879, 1, 1]
[1142, 1, 1]