Sequence_No	Start	End
001	0	72500
002	72500	174459
003	174459	526481
004	526481	587801
005	587801	816801
006	816801	917241
007	917241	1136521
008	1136521	1210281
009	1210281	1273841
010	1273841	1310761
011	1310761	1409671
012	1409671	1479041
013	1479041	1575717
014	1575717	1631521
015	1631521	1698881
016	1698881	1734681
017	1734681	1855761
018	1855761	1965761
019	1965761	2094643
020	2094643	2180121
021	2180121	2265041
022	2265041	2324841
023	2324841	2375393
024	2375393	2540281
025	2540281	2626681
026	2626681	2719881
027	2719881	2907794
028	2907794	2966366
029	2966366	3027841
030	3027841	3369921
031	3369921	3501001
032	3501001	3657410
033	3657423	3809201
034	3809268	3869841
035	3869841	3939401
036	3939401	4095681
037	4095681	4163646
038	4163646	4239441
039	4239441	4315441
040	4315441	4345761
041	4345761	4524518
042	4524518	4659401
043	4659401	4750174
044	4750174	4817701
045	4817701	4938561
046	4938561	5058201
047	5058201	5095561
048	5095561	5433000
049	5433000	5472201
050	5472201	5562961
051	5562961	5677401
052	5677401	5796481
053	5796481	6049121
054	6049150	6123795
055	6123795	6423091
056	6423091	6525817
057	6525817	6591272
058	6591272	6634476
